cpu  314 40 1097 26526 185 0 7 0 0 0
cpu0 138 23 651 6079 77 0 7 0 0 0
cpu1 176 17 445 6229 108 0 0 0 0 0
cpu2 0 0 1 7109 0 0 0 0 0 0
cpu3 0 0 0 7109 0 0 0 0 0 0
intr 195819 0 0 0 0 0 0 0 0 0 0 0 0 0 0 0 0 0 0 0 0 0 0 0 0 0 0 0 0 0 0 37829 0 0 0 0 0 0 0 0 0 0 0 0 0 0 0 0 0 0 0 0 0 0 0 0 0 0 0 0 0 0 0 0 0 0 0 0 0 0 0 0 0 0 0 0 0 0 0 0 0 0 0 0 0 0 0 0 0 0 0 0 0 0 0 0 0 0 0 0 0 0 0 0 0 0 0 0 0 0 0 0 84 0 0 0 0 0 1 26050 8 0 4115 0 0 0 0 687 0 0 0 0 0 0 0 0 4112 89 32998 0 0 0 0 0 0 0 0 0 0 0 0 0 2366 0 25282 0 0 8614 0 0 0 0 0 0 0 0 0 0 0 0 0 0 0 0 0 0 0 0 0 0 0 0 0 1 0 0 0 0 0 0 0 0 0 0 0 0 0 0 0 0 0 0 0 0 0 0 0 0 0 0 0 0 0 0 0 0 0 0 0 0 0 0 0 0 0 0 0 0 0 0 0 0 0 0 0 0 0 0 0 0 0 4112 0 0 0 0 0 0 0 0 0 0 0 0 0 0 0 0 0 0 0 0 0 0 0 0 0 0 0 0 0 0 0 0 0 0 0 0 0 0 0 0 0 0 0 0 0 0 0 0 0 0 0 0 0 0 0 0 0 0 0 0 0 0 0 0 0 0 0 0 0 0 0 0 0 0 0 0 0 0 0
ctxt 238709
btime 1704557901
processes 1111
procs_running 1
procs_blocked 0
softirq 41572 2 14202 1 823 176 0 1352 9966 0 15050
